file: map10.tsp, N = 10
2 0.0024615
4 0.0020211
6 0.0017392
8 0.0019012
10 0.0017555
file: map11.tsp, N = 11
2 0.0135271
4 0.0075082
6 0.0054727
8 0.0048314
10 0.0049588
file: map12.tsp, N = 12
2 0.0396077
4 0.0235630
6 0.0174484
8 0.0143680
10 0.0146884
file: map13.tsp, N = 13
2 0.1073375
4 0.0715327
6 0.0532736
8 0.0446542
10 0.0494991
file: map14.tsp, N = 14
2 0.5385767
4 0.3712377
6 0.2797270
8 0.2093669
10 0.1852636
file: map15.tsp, N = 15
2 2.6302940
4 1.5653960
6 1.0281130
8 0.8304499
10 0.7332841
file: map16.tsp, N = 16
2 11.4937100
4 5.7915750
6 4.6591090
8 3.8114040
10 3.5558240
file: map17.tsp, N = 17
2 68.9148200
4 32.7699200
6 25.2276100
8 20.1540500
10 18.9603100